ELG:
  EFFICIENCY:
    SIGMA_FUDGE: 2.213938897168332
    SNR_CONTINUUM_SCALE: 7.202754668765929
    SNR_LINES_SCALE: 0.9651499811981232
  FAILURE_RATE: 0.006540594340964026
  UNCERTAINTY:
    POWER_LAW_INDEX: 0.962171322
    SIGMA_17: 0.000553701818
LOWZ_QSO:
  EFFICIENCY:
    SIGMOID_CUTOFF: 22.957808255020066
    SIGMOID_FUDGE: 0.12355429502045497
  FAILURE_RATE: 0.004928698166524282
  UNCERTAINTY:
    POWER_LAW_INDEX: 2.36704293
    SIGMA_17: 0.00306028
LRG:
  EFFICIENCY:
    SIGMOID_CUTOFF: 1501.931900023393
    SIGMOID_FUDGE: 58.85348636544879
  FAILURE_RATE: 0.0
  UNCERTAINTY:
    POWER_LAW_INDEX: 0.846356643
    SIGMA_17: -0.00000126317571
LYA_QSO:
  EFFICIENCY:
    SIGMOID_CUTOFF: 23.038943272889487
    SIGMOID_FUDGE: 0.09444368920722161
  FAILURE_RATE: 0.0019649874955341195
  UNCERTAINTY:
    POWER_LAW_INDEX: 7.24851166
    SIGMA_17: 0.00161001792
QSO_ZSPLIT: 2.1
