ELG:
  EFFICIENCY:
    SIGMA_FUDGE: 2.0401084941649525
    SNR_CONTINUUM_SCALE: 5.443310574385742
    SNR_LINES_SCALE: 0.5771320183650717
  FAILURE_RATE: 0.021107784431137724
  UNCERTAINTY:
    POWER_LAW_INDEX: 0.9352334980180214
    SIGMA_17: 0.0006430122576470136
LOWZ_QSO:
  EFFICIENCY:
    SIGMOID_CUTOFF: 23.134622980925087
    SIGMOID_FUDGE: 0.300599246519413
  FAILURE_RATE: 0.019891500904159132
  UNCERTAINTY:
    POWER_LAW_INDEX: 0.536243730814024
    SIGMA_17: 0.0011124835779523943
LRG:
  EFFICIENCY:
    SIGMOID_CUTOFF: 26.103947256036427
    SIGMOID_FUDGE: 0.8877446788771475
  FAILURE_RATE: 0.0018553758325404377
  UNCERTAINTY:
    POWER_LAW_INDEX: 0.6024824400795158
    SIGMA_17: 0.0003579467319843912
LYA_QSO:
  EFFICIENCY:
    SIGMOID_CUTOFF: 26.588062302090957
    SIGMOID_FUDGE: 0.3843351864942905
  FAILURE_RATE: 0.0
  UNCERTAINTY:
    POWER_LAW_INDEX: 0.17072327837058882
    SIGMA_17: 0.0004556498419243293
QSO_ZSPLIT: 2.0
