ELG:
  EFFICIENCY:
    SIGMA_FUDGE: 2.1146646355664207
    SNR_CONTINUUM_SCALE: 6.038205046181466
    SNR_LINES_SCALE: 0.5217575297599973
  FAILURE_RATE: 0.021107784431137724
  UNCERTAINTY:
    POWER_LAW_INDEX: 0.9352334980180214
    SIGMA_17: 0.0006430122576470136
LOWZ_QSO:
  EFFICIENCY:
    SIGMOID_CUTOFF: 23.15765722841796
    SIGMOID_FUDGE: 0.3110151007014273
  FAILURE_RATE: 0.019891500904159132
  UNCERTAINTY:
    POWER_LAW_INDEX: 0.536243730814024
    SIGMA_17: 0.0011124835779523943
LRG:
  EFFICIENCY:
    SIGMOID_CUTOFF: 26.818634856545668
    SIGMOID_FUDGE: 1.0471598416036125
  FAILURE_RATE: 0.0018553758325404377
  UNCERTAINTY:
    POWER_LAW_INDEX: 0.6024824400795158
    SIGMA_17: 0.0003579467319843912
LYA_QSO:
  EFFICIENCY:
    SIGMOID_CUTOFF: 23.206048516270744
    SIGMOID_FUDGE: 0.08628841940577349
  FAILURE_RATE: 0.0
  UNCERTAINTY:
    POWER_LAW_INDEX: 0.17072327837058882
    SIGMA_17: 0.0004556498419243293
QSO_ZSPLIT: 2.0
